000000
000000
000000
000000
000000
000001
000010
000011
000000
000010
000100
000110
000000
000011
000110
000111
000000
000100
011000
011100
000000
000101
011010
011111
000000
000110
011100
011110
000000
000111
011110
011111
000000
001000
000000
101000
000000
001001
000010
101011
000000
001010
000100
101110
000000
001011
000110
101111
000000
001100
011000
111100
000000
001101
011010
111111
000000
001110
011100
111110
000000
001111
011110
111111
